id = CRF 110 BIG BORE MODDED
torque
{
	numpoints = 11
	point0 = 0.625000, 0.230062
	point1 = 31.944445, 13.803683
	point2 = 63.333332, 21.223158
	point3 = 100.416656, 22.072086
	point4 = 140.416672, 21.506134
	point5 = 180.416672, 22.072086
	point6 = 204.027786, 19.938648
	point7 = 231.388885, 16.104296
	point8 = 240.250000, 5.559817
	point9 = 245.875000, 2.108894
	point10 = 250.125000, 0.000000
}
brake
{
	numpoints = 8
	point0 = 0.000000, -0.000000
	point1 = 33.750000, -1.150310
	point2 = 66.250000, -4.300613
	point3 = 99.375000, -7.709507
	point4 = 133.125000, -8.501838
	point5 = 178.749985, -9.119634
	point6 = 223.125000, -10.296015
	point7 = 250.000000, -27.077257
}
