id = SM_pitbike
torque
{
	numpoints = 11
	point0 = 0.625000, 0.230062
	point1 = 33.750000, 14.378834
	point2 = 66.875000, 15.912578
	point3 = 98.958336, 16.104296
	point4 = 143.750000, 14.953986
	point5 = 166.666672, 13.803683
	point6 = 199.999985, 23.389570
	point7 = 233.125015, 19.938650
	point8 = 251.250000, 5.559817
	point9 = 266.875000, 2.108894
	point10 = 298.125000, 0.000000
}
brake
{
	numpoints = 8
	point0 = 0.625000, -0.766873
	point1 = 34.375000, -3.834359
	point2 = 69.097221, -6.134972
	point3 = 114.236107, -8.052140
	point4 = 161.805557, -11.119634
	point5 = 199.375000, -18.558281
	point6 = 233.125015, -21.779144
	point7 = 300.000000, -28.680981
}
