id = rc125
torque
{
	numpoints = 11
	point0 = 0.625000, 0.230062
	point1 = 33.750000, 7.592024
	point2 = 62.222218, 15.912578
	point3 = 90.902771, 16.679447
	point4 = 115.694443, 16.679447
	point5 = 140.486115, 19.746933
	point6 = 164.791672, 27.223927
	point7 = 203.194443, 29.907974
	point8 = 236.250000, 6.096625
	point9 = 266.875000, 2.108894
	point10 = 298.125000, 0.000000
}
brake
{
	numpoints = 8
	point0 = 0.625000, -0.766873
	point1 = 32.500000, -1.495399
	point2 = 68.125000, -3.796014
	point3 = 101.041664, -8.435577
	point4 = 137.152771, -9.202451
	point5 = 199.375000, -18.558281
	point6 = 233.125015, -21.779144
	point7 = 300.000000, -28.680981
}